37
0 3 0 0 0 0 0 0
1 0 0 0 0 0 0 0
2 3 0 0 0 0 0 0
3 3 0 0 0 0 0 0
4 0 0 0 0 0 0 0
5 3 0 0 0 0 0 0
6 3 0 0 0 0 0 0
7 0 0 0 0 0 0 0
8 2 0 0 0 0 0 0
9 0 0 0 0 0 0 0
10 2 0 0 0 0 0 0
11 0 0 0 0 0 0 0
12 2 0 0 0 0 0 0
13 0 0 0 0 0 0 0
14 2 0 0 0 0 0 0
15 0 0 0 0 0 0 0
16 2 0 0 0 0 0 0
17 0 0 0 0 0 0 0
18 2 0 0 0 0 0 0
19 1 0 0 0 0 0 0
20 1 0 0 0 0 0 0
21 1 0 0 0 0 0 0
22 1 0 0 0 0 0 0
23 0 0 0 0 0 0 0
24 1 0 0 0 0 0 0
25 1 0 0 0 0 0 0
26 1 0 0 0 0 0 0
27 1 0 0 0 0 0 0
28 1 0 0 0 0 0 0
29 1 0 0 0 0 0 0
30 1 0 0 0 0 0 0
31 1 0 0 0 0 0 0
32 0 0 0 0 0 0 0
33 1 0 0 0 0 0 0
34 1 0 0 0 0 0 0
35 1 0 0 0 0 0 0
36 1 0 0 0 0 0 0
7
20
7 0
6 0 0
11
0 1 0 0
2 0 1 0
3 0 1 0
5 2 0 0
6 0 0 0
14 2 0 0
18 1 0 0
21 3 1 0
26 3 1 0
30 2 0 0
35 1 0 0
0
