35
28
5
_
#
_
#
25 10
6 8
25 28
16 17
26 29
10 4 28 6 21 6 26 7 22 9 26 12 24 12 30 14 25 15 30 26 29
55 1 22 1 23 1 24 1 25 1 28 1 29 1 30 1 31 2 22 2 25 2 28 2 31 3 22 3 25 3 26 3 27 3 28 3 31 4 22 4 31 5 22 5 31 6 22 6 23 6 24 6 25 6 31 7 25 7 31 8 25 8 31 9 25 9 31 10 25 10 31 11 25 11 31 12 25 12 31 13 25 13 31 14 31 15 31 16 31 17 31 18 31 19 31 20 31 21 31 22 31 23 31 24 31 25 31 26 30 26 31
165 1 3 1 4 1 5 1 6 1 7 1 22 1 23 1 24 1 25 1 28 1 29 1 30 1 31 2 3 2 7 2 22 2 25 2 28 2 31 3 3 3 7 3 22 3 25 3 26 3 27 3 28 3 31 4 3 4 7 4 22 4 31 5 3 5 7 5 22 5 31 6 3 6 4 6 5 6 6 6 7 6 8 6 22 6 23 6 24 6 25 6 31 7 7 7 25 7 31 8 7 8 25 8 31 9 7 9 8 9 9 9 10 9 25 9 31 10 10 10 25 10 31 11 10 11 15 11 17 11 25 11 31 12 10 12 11 12 12 12 13 12 15 12 17 12 25 12 31 13 13 13 15 13 17 13 18 13 19 13 25 13 31 14 13 14 14 14 15 14 19 14 31 15 3 15 4 15 5 15 6 15 7 15 10 15 11 15 12 15 13 15 15 15 19 15 31 16 3 16 7 16 10 16 15 16 17 16 19 16 31 17 3 17 7 17 10 17 19 17 31 18 3 18 7 18 8 18 9 18 10 18 19 18 20 18 21 18 22 18 31 19 3 19 7 19 22 19 31 20 3 20 7 20 22 20 31 21 3 21 4 21 5 21 6 21 7 21 22 21 23 21 24 21 25 21 26 21 27 21 28 21 31 22 3 22 28 22 31 23 3 23 28 23 31 24 3 24 28 24 31 25 3 25 10 25 28 25 31 26 3 26 4 26 5 26 6 26 7 26 8 26 9 26 10 26 29 26 30 26 31

